i xi
1 -6.998548e-01
2 -1.656506e+00
3 -1.159377e+00
4 -1.238082e+00
5 -1.332490e+00
6 -1.305138e+00
7 -1.399443e+00
8 -1.338027e+00
9 -1.166810e+00
10 -1.168999e+00
11 -1.333264e+00
12 -1.337496e+00
13 -1.223698e+00
14 -1.177847e+00
15 -1.152091e+00
16 -1.123862e+00
17 -1.117689e+00
18 -1.123523e+00
19 -1.145784e+00
20 -1.145978e+00
21 -1.120972e+00
22 -1.096967e+00
23 -1.064269e+00
24 -1.058458e+00
25 -1.084879e+00
26 -1.118944e+00
27 -1.170711e+00
28 -1.196734e+00
29 -1.191622e+00
30 -1.184698e+00
31 -1.164171e+00
32 -1.152495e+00
33 -1.153242e+00
34 -1.145582e+00
35 -1.135170e+00
36 -1.128518e+00
37 -1.123840e+00
38 -1.122279e+00
39 -1.125023e+00
40 -1.124288e+00
41 -1.120189e+00
42 -1.117544e+00
43 -1.114784e+00
44 -1.118615e+00
45 -1.130189e+00
46 -1.145282e+00
47 -1.165927e+00
48 -1.189702e+00
49 -1.216386e+00
50 -1.249048e+00
51 -1.287294e+00
52 -1.311183e+00
53 -1.319289e+00
54 -1.320869e+00
55 -1.310445e+00
56 -1.300432e+00
57 -1.291520e+00
58 -1.272692e+00
59 -1.246442e+00
60 -1.225949e+00
61 -1.210932e+00
62 -1.196652e+00
63 -1.186277e+00
64 -1.169102e+00
65 -1.144490e+00
66 -1.120333e+00
67 -1.094223e+00
68 -1.074836e+00
69 -1.063877e+00
70 -1.055530e+00
71 -1.052496e+00
72 -1.051674e+00
73 -1.052732e+00
74 -1.059697e+00
75 -1.072048e+00
76 -1.080826e+00
77 -1.085927e+00
78 -1.091448e+00
79 -1.095211e+00
80 -1.103635e+00
81 -1.117285e+00
82 -1.131234e+00
83 -1.146999e+00
84 -1.157675e+00
85 -1.162057e+00
86 -1.164517e+00
87 -1.162950e+00
88 -1.160255e+00
89 -1.156701e+00
90 -1.148922e+00
91 -1.137443e+00
92 -1.129272e+00
93 -1.124498e+00
94 -1.120019e+00
95 -1.117560e+00
96 -1.112064e+00
97 -1.103128e+00
98 -1.094660e+00
99 -1.085492e+00
100 -1.085460e+00
101 -1.095991e+00
102 -1.111627e+00
103 -1.135327e+00
104 -1.162344e+00
105 -1.192409e+00
106 -1.230615e+00
107 -1.276138e+00
108 -1.269366e+00
109 -1.205109e+00
110 -1.110954e+00
111 -9.700082e-01
112 -8.180312e-01
113 -6.565748e-01
114 -4.525682e-01
115 -2.127544e-01
116 -4.683548e-02
117 3.926380e-02
118 9.348364e-02
119 8.627204e-02
120 9.057587e-02
121 1.102351e-01
122 8.308488e-02
123 2.403580e-02
124 2.024863e-03
125 1.537666e-02
126 4.085969e-02
127 9.516610e-02
128 1.213999e-01
129 1.166257e-01
130 1.228934e-01
131 1.276523e-01
132 1.319950e-01
133 1.405457e-01
134 1.438396e-01
135 1.432692e-01
136 1.485921e-01
137 1.591625e-01
138 1.715426e-01
139 1.878135e-01
140 1.935526e-01
141 1.874675e-01
142 1.780689e-01
143 1.615424e-01
144 1.452370e-01
145 1.300635e-01
146 1.091915e-01
147 8.432509e-02
148 6.643726e-02
149 5.575371e-02
150 4.829972e-02
151 4.695379e-02
152 4.386719e-02
153 3.876831e-02
154 3.809163e-02
155 4.027355e-02
156 4.065234e-02
157 3.965027e-02
158 3.851618e-02
159 3.623881e-02
160 3.736316e-02
161 4.215031e-02
162 4.757720e-02
163 5.471099e-02
164 5.719237e-02
165 5.413874e-02
166 4.936350e-02
167 4.101959e-02
168 3.211180e-02
169 2.292593e-02
170 1.032215e-02
171 -5.101167e-03
172 -1.772911e-02
173 -2.751078e-02
174 -3.677575e-02
175 -4.413095e-02
176 -5.368706e-02
177 -6.572435e-02
178 -7.705073e-02
179 -8.858742e-02
180 -9.807562e-02
181 -1.049250e-01
182 -1.108458e-01
183 -1.150856e-01
184 -1.181701e-01
185 -1.201773e-01
186 -1.201333e-01
187 -1.180954e-01
188 -1.168464e-01
189 -1.164356e-01
190 -1.155053e-01
191 -1.147277e-01
192 -1.121626e-01
193 -1.076145e-01
194 -1.025756e-01
195 -9.657418e-02
196 -9.345591e-02
197 -9.375752e-02
198 -9.531691e-02
199 -9.927555e-02
200 -1.037302e-01
201 -1.085538e-01
202 -1.157340e-01
203 -1.249210e-01
204 -1.326853e-01
205 -1.390266e-01
206 -1.454044e-01
207 -1.509899e-01
208 -1.583629e-01
209 -1.677260e-01
210 -1.771332e-01
211 -1.871859e-01
212 -1.955445e-01
213 -2.017743e-01
214 -2.074190e-01
215 -2.117603e-01
216 -2.157094e-01
217 -2.193638e-01
218 -2.216142e-01
219 -2.226249e-01
220 -2.248426e-01
221 -2.283056e-01
222 -2.319203e-01
223 -2.362904e-01
224 -2.396735e-01
225 -2.419293e-01
226 -2.444142e-01
227 -2.467265e-01
228 -2.493236e-01
229 -2.523979e-01
230 -2.554416e-01
231 -2.586221e-01
232 -2.619849e-01
233 -2.654963e-01
234 -2.692906e-01
235 -2.733830e-01
236 -2.769077e-01
237 -2.798204e-01
238 -2.825555e-01
239 -2.848902e-01
240 -2.873644e-01
241 -2.900263e-01
242 -2.924224e-01
243 -2.946746e-01
244 -2.968655e-01
245 -2.989480e-01
246 -3.009683e-01
247 -3.029331e-01
248 -3.046875e-01
249 -3.062300e-01
250 -3.076386e-01
251 -3.088771e-01
252 -3.100718e-01
253 -3.112370e-01
254 -3.122834e-01
255 -3.132437e-01
256 -3.140612e-01
257 -3.147244e-01
258 -3.152871e-01
259 -3.157340e-01
260 -3.169499e-01
261 -3.190317e-01
262 -3.215536e-01
263 -3.247747e-01
264 -3.281973e-01
265 -3.318030e-01
266 -3.360780e-01
267 -3.409340e-01
268 -3.457027e-01
269 -3.504003e-01
270 -3.553036e-01
271 -3.602588e-01
272 -3.658062e-01
273 -3.719921e-01
274 -3.784304e-01
275 -3.852525e-01
276 -3.918233e-01
277 -3.980462e-01
278 -4.043220e-01
279 -4.104647e-01
280 -4.167624e-01
281 -4.232470e-01
282 -4.296095e-01
283 -4.359087e-01
284 -4.427632e-01
285 -4.501849e-01
286 -4.579140e-01
287 -4.661070e-01
288 -4.743237e-01
289 -4.825358e-01
290 -4.910929e-01
291 -4.998986e-01
292 -5.074048e-01
293 -5.134938e-01
294 -5.188229e-01
295 -5.229538e-01
296 -5.268597e-01
297 -5.305698e-01
298 -5.331997e-01
299 -5.349280e-01
300 -5.367410e-01
301 -5.385949e-01
302 -5.401140e-01
303 -5.415197e-01
304 -5.419669e-01
305 -5.413874e-01
306 -5.403678e-01
307 -5.387025e-01
308 -5.375732e-01
309 -5.371455e-01
310 -5.367027e-01
311 -5.365877e-01
312 -5.362371e-01
313 -5.355947e-01
314 -5.352456e-01
315 -5.350756e-01
316 -5.339950e-01
317 -5.319883e-01
318 -5.295062e-01
319 -5.262750e-01
320 -5.230825e-01
321 -5.199793e-01
322 -5.163457e-01
323 -5.123554e-01
324 -5.100878e-01
325 -5.096842e-01
326 -5.102933e-01
327 -5.124999e-01
328 -5.149608e-01
329 -5.176386e-01
330 -5.217349e-01
331 -5.270019e-01
332 -5.321684e-01
333 -5.372979e-01
334 -5.428638e-01
335 -5.485826e-01
336 -5.555627e-01
337 -5.638922e-01
338 -5.728084e-01
339 -5.825813e-01
340 -5.922218e-01
341 -6.015720e-01
342 -6.113114e-01
343 -6.211545e-01
344 -6.315222e-01
345 -6.424784e-01
346 -6.535669e-01
347 -6.648825e-01
348 -6.716721e-01
349 -6.733756e-01
350 -6.722700e-01
351 -6.669402e-01
352 -6.599931e-01
353 -6.515033e-01
354 -6.388540e-01
355 -6.224852e-01
356 -6.147654e-01
357 -6.164873e-01
358 -6.220181e-01
359 -6.347228e-01
360 -6.466424e-01
361 -6.573320e-01
362 -6.737053e-01
363 -6.941405e-01
364 -5.797394e-01
365 -3.172004e-01
366 2.951652e-02
367 5.004825e-01
368 7.439558e-01
369 7.292412e-01
370 6.599351e-01
371 4.425844e-01
372 4.018970e-01
373 5.737410e-01
374 7.226476e-01
375 9.316945e-01
376 1.038754e+00
377 1.010066e+00
378 9.897711e-01
379 9.317575e-01
380 9.042002e-01
381 9.267300e-01
382 9.288377e-01
383 9.314797e-01
384 9.144685e-01
385 8.687870e-01
386 8.215326e-01
387 7.656484e-01
388 7.280524e-01
389 7.146832e-01
390 7.070327e-01
391 7.138150e-01
392 7.222374e-01
393 7.310304e-01
394 7.546196e-01
395 7.905752e-01
396 8.097712e-01
397 8.118154e-01
398 8.093391e-01
399 7.951304e-01
400 7.901645e-01
401 7.960153e-01
402 7.963562e-01
403 7.959612e-01
404 7.957051e-01
405 7.938896e-01
406 7.935505e-01
407 7.944969e-01
408 7.924278e-01
409 7.875659e-01
410 7.818127e-01
411 7.742744e-01
412 7.705643e-01
413 7.712943e-01
414 7.731308e-01
415 7.776145e-01
416 7.820726e-01
417 7.862010e-01
418 7.926518e-01
419 8.008451e-01
420 8.046618e-01
421 8.038719e-01
422 8.009898e-01
423 7.943985e-01
424 7.882807e-01
425 7.828401e-01
426 7.745883e-01
427 7.643821e-01
428 7.554541e-01
429 7.476558e-01
430 7.400015e-01
431 7.332522e-01
432 7.245809e-01
433 7.138473e-01
434 7.030736e-01
435 6.916294e-01
436 6.832498e-01
437 6.785210e-01
438 6.752360e-01
439 6.745214e-01
440 6.747268e-01
441 6.757323e-01
442 6.793936e-01
443 6.854217e-01
444 6.904897e-01
445 6.946057e-01
446 6.992336e-01
447 7.035814e-01
448 7.101468e-01
449 7.191465e-01
450 7.287173e-01
451 7.394556e-01
452 7.467264e-01
453 7.498797e-01
454 7.515410e-01
455 7.503360e-01
456 7.485321e-01
457 7.462862e-01
458 7.412186e-01
459 7.337474e-01
460 7.279765e-01
461 7.239058e-01
462 7.197887e-01
463 7.166168e-01
464 7.113053e-01
465 7.036119e-01
466 6.958635e-01
467 6.873413e-01
468 6.806235e-01
469 6.762076e-01
470 6.723501e-01
471 6.698459e-01
472 6.677311e-01
473 6.658932e-01
474 6.655374e-01
475 6.664895e-01
476 6.659808e-01
477 6.639601e-01
478 6.616711e-01
479 6.584275e-01
480 6.561837e-01
481 6.550960e-01
482 6.536335e-01
483 6.522449e-01
484 6.508683e-01
485 6.493306e-01
486 6.479867e-01
487 6.467777e-01
488 6.453888e-01
489 6.438457e-01
490 6.422458e-01
491 6.405227e-01
492 6.393247e-01
493 6.387093e-01
494 6.383162e-01
495 6.383199e-01
496 6.383762e-01
497 6.384508e-01
498 6.388638e-01
499 6.395399e-01
500 6.400854e-01
501 6.405051e-01
502 6.409358e-01
503 6.412804e-01
504 6.418453e-01
505 6.426453e-01
506 6.434464e-01
507 6.443147e-01
508 6.453990e-01
509 6.466874e-01
510 6.481551e-01
511 6.498378e-01
512 6.515894e-01
513 6.534078e-01
514 6.553957e-01
515 6.575232e-01
516 6.591302e-01
517 6.601603e-01
518 6.609019e-01
519 6.611658e-01
520 6.613588e-01
521 6.614930e-01
522 6.611928e-01
523 6.605320e-01
524 6.599607e-01
525 6.594626e-01
526 6.588608e-01
527 6.582576e-01
528 6.572750e-01
529 6.558819e-01
530 6.543436e-01
531 6.525685e-01
532 6.510953e-01
533 6.500002e-01
534 6.489582e-01
535 6.481262e-01
536 6.472474e-01
537 6.462970e-01
538 6.455429e-01
539 6.449335e-01
540 6.439724e-01
541 6.426532e-01
542 6.411822e-01
543 6.394354e-01
544 6.377730e-01
545 6.362191e-01
546 6.344914e-01
547 6.326700e-01
548 6.313682e-01
549 6.306167e-01
550 6.301850e-01
551 6.302426e-01
552 6.303698e-01
553 6.305566e-01
554 6.311661e-01
555 6.321201e-01
556 6.330802e-01
557 6.340685e-01
558 6.352029e-01
559 6.364096e-01
560 6.379965e-01
561 6.399872e-01
562 6.421743e-01
563 6.446331e-01
564 6.468417e-01
565 6.487322e-01
566 6.506095e-01
567 6.523232e-01
568 6.541330e-01
569 6.560623e-01
570 6.578485e-01
571 6.595437e-01
572 6.616064e-01
573 6.640410e-01
574 6.666603e-01
575 6.695787e-01
576 6.724593e-01
577 6.752806e-01
578 6.783046e-01
579 6.814567e-01
580 6.841493e-01
581 6.863521e-01
582 6.882872e-01
583 6.897917e-01
584 6.912660e-01
585 6.927194e-01
586 6.938045e-01
587 6.945959e-01
588 6.954213e-01
589 6.962601e-01
590 6.969967e-01
591 6.977028e-01
592 6.980812e-01
593 6.981088e-01
594 6.979862e-01
595 6.976406e-01
596 6.975737e-01
597 6.978509e-01
598 6.981787e-01
599 6.987018e-01
600 6.991705e-01
601 6.995624e-01
602 7.001299e-01
603 7.008228e-01
604 7.011994e-01
605 7.012556e-01
606 7.011715e-01
607 7.008371e-01
608 7.005763e-01
609 7.004101e-01
610 7.000860e-01
611 6.996757e-01
612 6.994959e-01
613 6.995502e-01
614 6.997410e-01
615 7.001525e-01
616 7.005417e-01
617 7.009042e-01
618 7.014367e-01
619 7.020927e-01
620 7.027349e-01
621 7.033775e-01
622 7.040584e-01
623 7.047492e-01
624 7.055889e-01
625 7.065868e-01
626 7.076533e-01
627 7.088222e-01
628 7.097811e-01
629 7.104925e-01
630 7.111300e-01
631 7.116040e-01
632 7.120764e-01
633 7.125598e-01
634 7.128936e-01
635 7.131098e-01
636 7.134664e-01
637 7.139639e-01
638 7.144977e-01
639 7.151313e-01
640 7.156703e-01
641 7.161016e-01
642 7.165737e-01
643 7.170426e-01
644 7.177882e-01
645 7.188553e-01
646 7.200816e-01
647 7.215523e-01
648 7.231426e-01
649 7.248447e-01
650 7.268000e-01
651 7.289876e-01
652 7.311526e-01
653 7.332963e-01
654 7.355321e-01
655 7.378000e-01
656 7.402923e-01
657 7.430265e-01
658 7.458602e-01
659 7.488399e-01
660 7.518325e-01
661 7.548116e-01
662 7.578757e-01
663 7.609848e-01
664 7.641868e-01
665 7.674901e-01
666 7.708356e-01
667 7.742336e-01
668 7.778410e-01
669 7.816638e-01
670 7.856335e-01
671 7.897910e-01
672 7.940313e-01
673 7.983477e-01
674 8.028277e-01
675 8.074487e-01
676 8.119416e-01
677 8.162903e-01
678 8.206059e-01
679 8.248143e-01
680 8.290924e-01
681 8.334466e-01
682 8.377219e-01
683 8.419522e-01
684 8.463008e-01
685 8.507605e-01
686 8.552733e-01
687 8.598764e-01
688 8.644294e-01
689 8.689223e-01
690 8.734541e-01
691 8.779915e-01
692 8.827452e-01
693 8.877453e-01
694 8.928675e-01
695 8.981739e-01
696 9.035645e-01
697 9.090310e-01
698 9.146789e-01
699 9.204890e-01
700 9.262727e-01
701 9.320289e-01
702 9.378373e-01
703 9.436515e-01
704 9.496109e-01
705 9.557257e-01
706 9.618891e-01
707 9.681329e-01
708 9.732569e-01
709 9.771263e-01
710 9.803251e-01
711 9.825011e-01
712 9.843163e-01
713 9.857956e-01
714 9.862849e-01
715 9.859007e-01
716 9.855438e-01
717 9.851909e-01
718 9.844666e-01
719 9.835774e-01
720 9.817943e-01
721 9.790537e-01
722 9.758742e-01
723 9.720779e-01
724 9.684485e-01
725 9.651078e-01
726 9.615474e-01
727 9.579963e-01
728 9.541050e-01
729 9.498310e-01
730 9.455501e-01
731 9.411891e-01
732 9.359636e-01
733 9.298545e-01
734 9.231900e-01
735 9.157694e-01
736 9.081432e-01
737 9.003446e-01
738 8.919303e-01
739 8.830191e-01
740 8.745659e-01
741 8.666138e-01
742 8.587958e-01
743 8.513723e-01
744 8.436821e-01
745 8.357049e-01
746 8.280027e-01
747 8.204482e-01
748 8.125085e-01
749 8.042130e-01
750 7.957404e-01
751 7.869706e-01
752 7.783790e-01
753 7.699974e-01
754 7.614971e-01
755 7.529903e-01
756 7.436689e-01
757 7.334229e-01
758 7.227178e-01
759 7.113172e-01
760 6.996149e-01
761 6.876421e-01
762 6.749900e-01
763 6.617339e-01
764 6.485763e-01
765 6.355190e-01
766 6.222683e-01
767 6.089956e-01
768 5.951770e-01
769 5.807741e-01
770 5.661864e-01
771 5.512939e-01
772 5.385770e-01
773 5.283330e-01
774 5.193145e-01
775 5.122536e-01
776 5.058226e-01
777 4.999659e-01
778 4.960188e-01
779 4.937482e-01
780 4.912240e-01
781 4.884868e-01
782 4.863499e-01
783 4.843674e-01
784 4.840786e-01
785 4.856177e-01
786 4.878792e-01
787 4.912373e-01
788 4.941389e-01
789 4.963335e-01
790 4.988437e-01
791 5.012131e-01
792 5.041159e-01
793 5.076365e-01
794 5.110364e-01
795 5.144560e-01
796 5.194810e-01
797 5.261512e-01
798 5.337977e-01
799 5.428261e-01
800 5.521288e-01
801 5.616373e-01
802 5.722449e-01
803 5.837122e-01
804 5.934215e-01
805 6.012143e-01
806 6.081538e-01
807 6.135132e-01
808 6.190202e-01
809 6.247291e-01
810 6.291236e-01
811 6.325302e-01
812 6.365169e-01
813 6.410082e-01
814 6.454406e-01
815 6.501685e-01
816 6.538253e-01
817 6.563109e-01
818 6.585743e-01
819 6.602888e-01
820 6.635500e-01
821 6.686491e-01
822 6.743485e-01
823 6.812602e-01
824 6.883765e-01
825 6.956085e-01
826 7.040058e-01
827 7.133709e-01
828 7.218293e-01
829 7.293662e-01
830 7.367634e-01
831 7.435575e-01
832 7.511269e-01
833 7.595678e-01
834 7.678149e-01
835 7.761790e-01
836 7.839410e-01
837 7.909096e-01
838 7.976438e-01
839 8.039044e-01
840 8.098504e-01
841 8.155098e-01
842 8.205784e-01
843 8.250746e-01
844 8.299075e-01
845 8.350973e-01
846 8.402022e-01
847 8.454443e-01
848 8.501971e-01
849 8.543997e-01
850 8.585398e-01
851 8.624672e-01
852 8.644964e-01
853 8.645022e-01
854 8.631584e-01
855 8.599829e-01
856 8.560408e-01
857 8.513502e-01
858 8.449348e-01
859 8.369813e-01
860 8.284832e-01
861 8.193759e-01
862 8.092742e-01
863 7.983892e-01
864 7.858278e-01
865 7.715074e-01
866 7.560198e-01
867 7.391377e-01
868 7.284925e-01
869 7.249022e-01
870 7.246088e-01
871 7.298238e-01
872 7.362762e-01
873 7.437703e-01
874 7.564494e-01
875 7.735311e-01
876 7.836504e-01
877 7.863455e-01
878 7.865815e-01
879 7.813794e-01
880 7.785470e-01
881 7.785616e-01
882 7.749884e-01
883 7.694921e-01
884 7.728047e-01
885 7.851958e-01
886 8.027330e-01
887 8.282548e-01
888 8.539251e-01
889 8.794647e-01
890 9.112705e-01
891 9.477725e-01
892 9.400916e-01
893 8.840840e-01
894 8.016519e-01
895 6.788920e-01
896 8.088539e-01
897 1.219730e+00
898 1.760999e+00
899 2.514874e+00
900 2.939108e+00
901 2.983816e+00
902 2.980317e+00
903 2.785817e+00
904 2.703035e+00
905 2.772408e+00
906 2.726838e+00
907 2.640309e+00
908 2.595464e+00
909 2.569883e+00
910 2.579345e+00
911 2.639291e+00
912 2.647713e+00
913 2.606314e+00
914 2.578406e+00
915 2.543549e+00
916 2.520755e+00
917 2.518176e+00
918 2.512831e+00
919 2.511400e+00
920 2.521829e+00
921 2.542669e+00
922 2.576120e+00
923 2.624120e+00
924 2.651887e+00
925 2.657496e+00
926 2.659453e+00
927 2.648890e+00
928 2.646688e+00
929 2.655044e+00
930 2.656327e+00
931 2.655430e+00
932 2.657126e+00
933 2.659851e+00
934 2.664884e+00
935 2.673031e+00
936 2.677648e+00
937 2.678797e+00
938 2.680388e+00
939 2.681030e+00
940 2.685151e+00
941 2.693517e+00
942 2.703031e+00
943 2.714990e+00
944 2.727932e+00
945 2.741613e+00
946 2.757900e+00
947 2.776498e+00
948 2.788817e+00
949 2.794317e+00
950 2.796890e+00
951 2.794202e+00
952 2.791683e+00
953 2.789628e+00
954 2.783285e+00
955 2.773753e+00
956 2.766287e+00
957 2.760734e+00
958 2.755275e+00
959 2.751161e+00
960 2.744031e+00
961 2.733632e+00
962 2.723146e+00
963 2.711588e+00
964 2.701647e+00
965 2.693919e+00
966 2.686426e+00
967 2.680015e+00
968 2.673896e+00
969 2.667943e+00
970 2.663324e+00
971 2.659904e+00
972 2.654665e+00
973 2.647541e+00
974 2.639931e+00
975 2.631087e+00
976 2.623099e+00
977 2.616147e+00
978 2.608585e+00
979 2.600899e+00
980 2.595830e+00
981 2.593482e+00
982 2.592930e+00
983 2.594930e+00
984 2.597548e+00
985 2.600759e+00
986 2.606220e+00
987 2.613582e+00
988 2.621549e+00
989 2.630253e+00
990 2.640126e+00
991 2.650907e+00
992 2.663877e+00
993 2.679147e+00
994 2.695905e+00
995 2.714481e+00
996 2.726738e+00
997 2.731804e+00
998 2.733761e+00
999 2.730263e+00
1000 2.725840e+00
1001 2.720726e+00
1002 2.710538e+00
1003 2.696124e+00
1004 2.684523e+00
1005 2.675725e+00
1006 2.666830e+00
1007 2.659550e+00
1008 2.648501e+00
1009 2.633290e+00
1010 2.617975e+00
1011 2.601317e+00
1012 2.602324e+00
1013 2.623366e+00
1014 2.654644e+00
1015 2.701779e+00
1016 2.701174e+00
1017 2.646849e+00
1018 2.574005e+00
1019 2.465260e+00
1020 2.462125e+00
1021 2.578860e+00
1022 2.733326e+00
1023 2.964130e+00
1024 1.868011e+00
